0000000000000000000100001
0000000000000000000100010
1110000000000100001000001
1100000010000110010000101
1100000010010100101101100
1111000000000010000000000
0000000000000000010100001
0000000000000000001100010
1110000000001000001000001
1100000010010100101101100
1100000010011010111001111
1111000000000100000000000
1100000000000000000000000
1111000000000110000000000
1100000010000010001000011
1100000010001000010100110
1100000010010100101101100
1111000000000010000000000
0000000000000000011100001
0000000000000000011100010
1110000000000100001000001
1110001111111010001000001
1100000010010100101101100
1111000000000010000000000
0000000000000000101000001
0000000000000000101000010
1110000000001010001000001
1100000010000110010000101
0000000000000000101100011
0000000000000000101100100
1110000000000010010000011
1100000010010100101101100
1111000000000010000000000
0000000000000000001100001
0000000000000000000000010
0000000000000000000100011
1100000010000100001100010
1110101111111110000100010
1111000000000010000000000
1111000000000100000000000
1100000010000010001000011
0000000000000000011100001
0000000000000000011100010
1110000000000100001000001
1100000000000000000000000
1100000010010100101101100
1111000000000010000000000
0000000000000000010100001
1100000010000010001000011
0000000000000000010100010
1110000000000100001000001
1100000000000000000000000
1100000010010100101101100
1100000000000000000000000
